Baislicka

Normal movegen

D   Time      Moves       Captures  EP     Castles Checks
1   0.000s    20          0         0      0       0
2   0.000s    400         0         0      0       0
3   0.001s    8902        34        0      0       12
4   0.022s    197281      1576      0      0       469
5   0.477s    4865609     82719     258    0       27351
6   12.263s   119060324   2812008   5248   0       809099
7   317.118s  3195901860  108329926 319617 883453  33103848

Location: perftsuite.epd
Depth: 5
Time: 52.655s
Tests:  125
Passed: 125 (100.0%)
Failed: 0 (0.0%)

Location: perftsuite.epd
Depth: 6
Time: 1640.963s
Tests:  125
Passed: 125 (100.0%)
Failed: 0 (0.0%)

Test Pawn   Knight Bishop Rook   Queen  King   Total
0    0.882  0.423  0.285  0.279  x.xxx  0.072  1.941
1    0.377  0.951  1.186  1.044  x.xxx  1.493  5.051
2    0.050  0.030  0.032  0.402  x.xxx  0.913  1.427
3    0.049  0.030  0.034  0.443  x.xxx  0.933  1.489
4    0.050  0.030  0.033  0.422  x.xxx  0.914  1.449
5    0.050  0.030  0.034  0.451  x.xxx  0.924  1.489
6    0.050  0.030  0.033  0.810  x.xxx  1.412  2.335
7    0.049  0.030  0.032  0.840  x.xxx  1.433  2.384
8    0.049  0.030  0.032  0.402  x.xxx  0.838  1.351
9    0.048  0.030  0.032  0.434  x.xxx  0.990  1.534
10   0.049  0.030  0.033  0.418  x.xxx  0.843  1.373
11   0.050  0.029  0.032  0.450  x.xxx  1.000  1.561
12   0.049  0.030  0.033  1.642  x.xxx  2.462  4.216
13   0.049  0.029  0.033  1.641  x.xxx  1.910  3.662
14   0.048  0.029  0.032  1.637  x.xxx  1.857  3.603
15   0.048  0.030  0.033  1.634  x.xxx  1.931  3.676
16   0.049  0.031  0.033  1.641  x.xxx  1.908  3.662
17   0.049  0.029  0.033  1.639  x.xxx  1.850  3.600
18   0.049  0.030  0.033  1.634  x.xxx  1.909  3.655
19   0.049  0.030  0.033  0.403  x.xxx  0.903  1.418
Sum  2.143  1.911  2.061  18.266  0.000  26.495  50.876


Stockfish-6-sse42:
D   Time
1   0.009
2   0.023
3   0.023
4   0.023
5   0.056
6   0.680
7   17.180
8   467.339   ~182m NPS